file_name,Dataset,PDB_ID,Antigen_name,Source,Model,Mutation,Type,Input_Type,Spearman,AUC,MCC,NDCG,AP
AbDesign_1BJ1_HLW__westlake-repl__SaProt_650M_AF2__ca2014a8__wt__fp16__focus1,AbDesign,1BJ1,HLW__westlake-repl__SaProt_650M_AF2__ca2014a8__wt__fp16_,,SaProt_650M_AF2,,1,wt,-0.2686359941287999,0.3352534562211981,0.0460829493087557,0.6329046254095078,0.1069927166395912
AbDesign_1JRH_HIL__westlake-repl__SaProt_650M_AF2__ca2014a8__wt__fp16__focus1,AbDesign,1JRH,HIL__westlake-repl__SaProt_650M_AF2__ca2014a8__wt__fp16_,,SaProt_650M_AF2,,1,wt,0.2559279011854445,0.7647058823529411,0.3267320196065356,0.7335130754495701,0.5353535353535354
AbDesign_3N85_AHL__westlake-repl__SaProt_650M_AF2__ca2014a8__masked__fp16__focus1,AbDesign,3N85,AHL__westlake-repl__SaProt_650M_AF2__ca2014a8__masked__fp16_,,SaProt_650M_AF2,,1,masked,0.5227987675648555,0.875,-0.1666666666666666,0.8421052631578947,0.5833333333333333
AbDesign_3SE9_GHL__westlake-repl__SaProt_650M_AF2__ca2014a8__masked__fp16__focus1,AbDesign,3SE9,GHL__westlake-repl__SaProt_650M_AF2__ca2014a8__masked__fp16_,,SaProt_650M_AF2,,1,masked,0.0718386156955829,0.5652173913043479,-0.1304347826086956,0.3729710493788201,0.2035714285714285
AbDesign_6XKR_HLP__westlake-repl__SaProt_650M_AF2__ca2014a8__wt__fp16__focus1,AbDesign,6XKR,HLP__westlake-repl__SaProt_650M_AF2__ca2014a8__wt__fp16_,,SaProt_650M_AF2,,1,wt,-0.0218463706835799,0.441025641025641,-0.1282051282051282,0.3782401245557997,0.1174854557207498
AbDesign_7JMO_AHL__westlake-repl__SaProt_650M_AF2__ca2014a8__masked__fp16__focus1,AbDesign,7JMO,AHL__westlake-repl__SaProt_650M_AF2__ca2014a8__masked__fp16_,,SaProt_650M_AF2,,1,masked,0.2371263501839988,0.5026455026455026,-0.1296296296296296,0.5666033084821137,0.1315507433215912
AbDesign_1JRH_HIL__westlake-repl__SaProt_650M_AF2__ca2014a8__masked__fp16__focus1,AbDesign,1JRH,HIL__westlake-repl__SaProt_650M_AF2__ca2014a8__masked__fp16_,,SaProt_650M_AF2,,1,masked,0.1851713637988804,0.7254901960784313,-0.140028008402801,0.5256496610572301,0.3277777777777778
AbDesign_1MHP_AHL__westlake-repl__SaProt_650M_AF2__ca2014a8__wt__fp16__focus1,AbDesign,1MHP,AHL__westlake-repl__SaProt_650M_AF2__ca2014a8__wt__fp16_,,SaProt_650M_AF2,,1,wt,-0.0453174219917806,0.2515576323987539,-0.1172782502167486,0.6754204602019713,0.0756421616944895
AbDesign_3BDY_HLV__westlake-repl__SaProt_650M_AF2__ca2014a8__masked__fp16__focus1,AbDesign,3BDY,HLV__westlake-repl__SaProt_650M_AF2__ca2014a8__masked__fp16_,,SaProt_650M_AF2,,1,masked,-0.0910115950155226,0.5241935483870968,-0.1290322580645161,0.3847248089944479,0.1370115629984051
AbDesign_3SE9_GHL__westlake-repl__SaProt_650M_AF2__ca2014a8__wt__fp16__focus1,AbDesign,3SE9,GHL__westlake-repl__SaProt_650M_AF2__ca2014a8__wt__fp16_,,SaProt_650M_AF2,,1,wt,-0.0283209927261432,0.4057971014492753,-0.2192143241407067,0.5126050420168067,0.1283190883190883
AbDesign_4I77_HLZ__westlake-repl__SaProt_650M_AF2__ca2014a8__masked__fp16__focus1,AbDesign,4I77,HLZ__westlake-repl__SaProt_650M_AF2__ca2014a8__masked__fp16_,,SaProt_650M_AF2,,1,masked,0.4420136338608908,0.7857142857142857,0.3947710169758613,1.0,0.8833333333333333
AbDesign_4I77_HLZ__westlake-repl__SaProt_650M_AF2__ca2014a8__wt__fp16__focus1,AbDesign,4I77,HLZ__westlake-repl__SaProt_650M_AF2__ca2014a8__wt__fp16_,,SaProt_650M_AF2,,1,wt,0.0597315721433636,0.5476190476190477,-0.0328975847479884,1.0,0.6436507936507936
AbDesign_5F9W_GHL__westlake-repl__SaProt_650M_AF2__ca2014a8__masked__fp16__focus1,AbDesign,5F9W,GHL__westlake-repl__SaProt_650M_AF2__ca2014a8__masked__fp16_,,SaProt_650M_AF2,,1,masked,0.423321400998346,0.7720125786163522,0.2578616352201258,0.8306402836194291,0.4100428295474735
AbDesign_6NMS_HLS__westlake-repl__SaProt_650M_AF2__ca2014a8__wt__fp16__focus1,AbDesign,6NMS,HLS__westlake-repl__SaProt_650M_AF2__ca2014a8__wt__fp16_,,SaProt_650M_AF2,,1,wt,-0.0698997423631113,0.4772727272727272,0.109090909090909,0.6252969859138128,0.1967891156462585
AbDesign_6RP8_CHL__westlake-repl__SaProt_650M_AF2__ca2014a8__masked__fp16__focus1,AbDesign,6RP8,CHL__westlake-repl__SaProt_650M_AF2__ca2014a8__masked__fp16_,,SaProt_650M_AF2,,1,masked,0.0068965517241379,0.205128205128205,-0.1153846153846153,0.7204082463874258,0.0843936320609748
AbDesign_7JMO_AHL__westlake-repl__SaProt_650M_AF2__ca2014a8__wt__fp16__focus1,AbDesign,7JMO,AHL__westlake-repl__SaProt_650M_AF2__ca2014a8__wt__fp16_,,SaProt_650M_AF2,,1,wt,0.2894764674775251,0.4788359788359788,-0.1296296296296296,0.7141451444542735,0.1238546591232013
AbDesign_1MHP_AHL__westlake-repl__SaProt_650M_AF2__ca2014a8__masked__fp16__focus1,AbDesign,1MHP,AHL__westlake-repl__SaProt_650M_AF2__ca2014a8__masked__fp16_,,SaProt_650M_AF2,,1,masked,-0.1372152456151695,0.2165109034267913,-0.1121495327102803,0.6244847616062771,0.0722843414800053
AbDesign_3BDY_HLV__westlake-repl__SaProt_650M_AF2__ca2014a8__wt__fp16__focus1,AbDesign,3BDY,HLV__westlake-repl__SaProt_650M_AF2__ca2014a8__wt__fp16_,,SaProt_650M_AF2,,1,wt,0.0348315980923605,0.532258064516129,-0.1290322580645161,0.471018893463362,0.1394995641277105
AbDesign_3SE8_GHL__westlake-repl__SaProt_650M_AF2__ca2014a8__masked__fp16__focus1,AbDesign,3SE8,GHL__westlake-repl__SaProt_650M_AF2__ca2014a8__masked__fp16_,,SaProt_650M_AF2,,1,masked,-0.1066640605744103,0.5897435897435898,-0.1153846153846153,0.1295897171206428,0.1540616246498599
AbDesign_6MFP_GHL__westlake-repl__SaProt_650M_AF2__ca2014a8__wt__fp16__focus1,AbDesign,6MFP,GHL__westlake-repl__SaProt_650M_AF2__ca2014a8__wt__fp16_,,SaProt_650M_AF2,,1,wt,-0.2809388335704124,0.409090909090909,0.1590909090909091,0.7096813814046357,0.3266587885154062
AbDesign_2BDN_AHL__westlake-repl__SaProt_650M_AF2__ca2014a8__wt__fp16__focus1,AbDesign,2BDN,AHL__westlake-repl__SaProt_650M_AF2__ca2014a8__wt__fp16_,,SaProt_650M_AF2,,1,wt,-0.2582417582417582,0.1818181818181818,-0.1818181818181818,0.6153846153846154,0.1388888888888889
AbDesign_3HFM_HLY__westlake-repl__SaProt_650M_AF2__ca2014a8__masked__fp16__focus1,AbDesign,3HFM,HLY__westlake-repl__SaProt_650M_AF2__ca2014a8__masked__fp16_,,SaProt_650M_AF2,,1,masked,0.1770643653720511,0.6571428571428571,0.5523809523809524,0.9392587544740147,0.6487804878048781
AbDesign_6MFP_GHL__westlake-repl__SaProt_650M_AF2__ca2014a8__masked__fp16__focus1,AbDesign,6MFP,GHL__westlake-repl__SaProt_650M_AF2__ca2014a8__masked__fp16_,,SaProt_650M_AF2,,1,masked,-0.3297771455666192,0.2803030303030303,-0.1212121212121212,0.2607178444296374,0.0910182550972024
AbDesign_2BDN_AHL__westlake-repl__SaProt_650M_AF2__ca2014a8__masked__fp16__focus1,AbDesign,2BDN,AHL__westlake-repl__SaProt_650M_AF2__ca2014a8__masked__fp16_,,SaProt_650M_AF2,,1,masked,-0.0494505494505494,0.5909090909090909,-0.1818181818181818,0.6153846153846154,0.25
AbDesign_3BE1_AHL__westlake-repl__SaProt_650M_AF2__ca2014a8__wt__fp16__focus1,AbDesign,3BE1,AHL__westlake-repl__SaProt_650M_AF2__ca2014a8__wt__fp16_,,SaProt_650M_AF2,,1,wt,0.0039312157973236,0.2866666666666666,-0.1466471150213532,0.7675802716569122,0.1203208556149732
AbDesign_3HFM_HLY__westlake-repl__SaProt_650M_AF2__ca2014a8__wt__fp16__focus1,AbDesign,3HFM,HLY__westlake-repl__SaProt_650M_AF2__ca2014a8__wt__fp16_,,SaProt_650M_AF2,,1,wt,0.3810267803677558,0.7714285714285715,0.5523809523809524,0.927875192663117,0.6689655172413793
AbDesign_3SE8_GHL__westlake-repl__SaProt_650M_AF2__ca2014a8__wt__fp16__focus1,AbDesign,3SE8,GHL__westlake-repl__SaProt_650M_AF2__ca2014a8__wt__fp16_,,SaProt_650M_AF2,,1,wt,0.0802780852631209,0.7435897435897436,0.2970140370712101,0.6487402408041761,0.2254901960784313
AbDesign_5F9W_GHL__westlake-repl__SaProt_650M_AF2__ca2014a8__wt__fp16__focus1,AbDesign,5F9W,GHL__westlake-repl__SaProt_650M_AF2__ca2014a8__wt__fp16_,,SaProt_650M_AF2,,1,wt,0.3417299824663939,0.820754716981132,0.4433962264150943,0.855831844298399,0.5465437788018432
AbDesign_5GGV_HLY__westlake-repl__SaProt_650M_AF2__ca2014a8__wt__fp16__focus1,AbDesign,5GGV,HLY__westlake-repl__SaProt_650M_AF2__ca2014a8__wt__fp16_,,SaProt_650M_AF2,,1,wt,0.1965858866117335,0.3714285714285714,-0.1166666666666666,0.5913413404553625,0.0905918098464682
AbDesign_6NMS_HLS__westlake-repl__SaProt_650M_AF2__ca2014a8__masked__fp16__focus1,AbDesign,6NMS,HLS__westlake-repl__SaProt_650M_AF2__ca2014a8__masked__fp16_,,SaProt_650M_AF2,,1,masked,-0.367528128229047,0.3931818181818181,-0.1136363636363636,0.2366895848191422,0.1017015501852915
AbDesign_6NMU_HLS__westlake-repl__SaProt_650M_AF2__ca2014a8__masked__fp16__focus1,AbDesign,6NMU,HLS__westlake-repl__SaProt_650M_AF2__ca2014a8__masked__fp16_,,SaProt_650M_AF2,,1,masked,0.2350322339162586,0.4047619047619047,-0.119047619047619,0.6424815170764607,0.1065611179857248
AbDesign_7KF0_HLV__westlake-repl__SaProt_650M_AF2__ca2014a8__masked__fp16__focus1,AbDesign,7KF0,HLV__westlake-repl__SaProt_650M_AF2__ca2014a8__masked__fp16_,,SaProt_650M_AF2,,1,masked,0.0336672397011311,0.5151515151515151,-0.1212121212121212,0.7175454332392505,0.1316566985645933
AbDesign_1BJ1_HLW__westlake-repl__SaProt_650M_AF2__ca2014a8__masked__fp16__focus1,AbDesign,1BJ1,HLW__westlake-repl__SaProt_650M_AF2__ca2014a8__masked__fp16_,,SaProt_650M_AF2,,1,masked,-0.3107627947041832,0.3490783410138249,0.0460829493087557,0.6948147469877531,0.1200093879112309
AbDesign_3N85_AHL__westlake-repl__SaProt_650M_AF2__ca2014a8__wt__fp16__focus1,AbDesign,3N85,AHL__westlake-repl__SaProt_650M_AF2__ca2014a8__wt__fp16_,,SaProt_650M_AF2,,1,wt,0.3647433262080387,0.75,-0.1666666666666666,0.4210526315789473,0.4166666666666666
AbDesign_3NGB_GHL__westlake-repl__SaProt_650M_AF2__ca2014a8__wt__fp16__focus1,AbDesign,3NGB,GHL__westlake-repl__SaProt_650M_AF2__ca2014a8__wt__fp16_,,SaProt_650M_AF2,,1,wt,0.1450405200803515,0.4858156028368793,0.1320988539225567,0.3786241728104945,0.1508714596949891
AbDesign_6XKR_HLP__westlake-repl__SaProt_650M_AF2__ca2014a8__masked__fp16__focus1,AbDesign,6XKR,HLP__westlake-repl__SaProt_650M_AF2__ca2014a8__masked__fp16_,,SaProt_650M_AF2,,1,masked,-0.0524312896405919,0.3692307692307692,-0.1282051282051282,0.3964749043431109,0.1032587832703931
AbDesign_3NGB_GHL__westlake-repl__SaProt_650M_AF2__ca2014a8__masked__fp16__focus1,AbDesign,3NGB,GHL__westlake-repl__SaProt_650M_AF2__ca2014a8__masked__fp16_,,SaProt_650M_AF2,,1,masked,0.1405534805795379,0.3510638297872341,0.0602836879432624,0.4178922188380142,0.1244469582704876
AbDesign_5GGV_HLY__westlake-repl__SaProt_650M_AF2__ca2014a8__masked__fp16__focus1,AbDesign,5GGV,HLY__westlake-repl__SaProt_650M_AF2__ca2014a8__masked__fp16_,,SaProt_650M_AF2,,1,masked,0.1678522612848053,0.4571428571428571,-0.1166666666666666,0.5192009965217521,0.1103145623877836
AbDesign_6NMU_HLS__westlake-repl__SaProt_650M_AF2__ca2014a8__wt__fp16__focus1,AbDesign,6NMU,HLS__westlake-repl__SaProt_650M_AF2__ca2014a8__wt__fp16_,,SaProt_650M_AF2,,1,wt,0.2092451794693579,0.3809523809523809,-0.119047619047619,0.6567257303350454,0.1002046851990861
AbDesign_6RP8_CHL__westlake-repl__SaProt_650M_AF2__ca2014a8__wt__fp16__focus1,AbDesign,6RP8,CHL__westlake-repl__SaProt_650M_AF2__ca2014a8__wt__fp16_,,SaProt_650M_AF2,,1,wt,-0.0330049261083743,0.2307692307692307,-0.1153846153846153,0.5196397296731053,0.0874239350912779
AbDesign_7BEJ_EHL__westlake-repl__SaProt_650M_AF2__ca2014a8__masked__fp16__focus1,AbDesign,7BEJ,EHL__westlake-repl__SaProt_650M_AF2__ca2014a8__masked__fp16_,,SaProt_650M_AF2,,1,masked,0.3949579831932773,0.564516129032258,0.1532258064516129,0.8200049394150157,0.2357843137254902
AbDesign_3BE1_AHL__westlake-repl__SaProt_650M_AF2__ca2014a8__masked__fp16__focus1,AbDesign,3BE1,AHL__westlake-repl__SaProt_650M_AF2__ca2014a8__masked__fp16_,,SaProt_650M_AF2,,1,masked,-0.0277993117096458,0.2866666666666667,-0.1466471150213532,0.5225957305573365,0.1193843357171031
AbDesign_7BEJ_EHL__westlake-repl__SaProt_650M_AF2__ca2014a8__wt__fp16__focus1,AbDesign,7BEJ,EHL__westlake-repl__SaProt_650M_AF2__ca2014a8__wt__fp16_,,SaProt_650M_AF2,,1,wt,0.4675070028011204,0.6370967741935484,0.1532258064516129,0.8679819466696693,0.2705059277639923
AbDesign_7KF0_HLV__westlake-repl__SaProt_650M_AF2__ca2014a8__wt__fp16__focus1,AbDesign,7KF0,HLV__westlake-repl__SaProt_650M_AF2__ca2014a8__wt__fp16_,,SaProt_650M_AF2,,1,wt,0.0322427690848743,0.553030303030303,-0.1212121212121212,0.7938635830981263,0.1469444444444444
SKEMPI_1DQJ_ABC__westlake-repl__SaProt_650M_AF2__ca2014a8__masked__fp16__focus1,SKEMPI,1DQJ,ABC__westlake-repl__SaProt_650M_AF2__ca2014a8__masked__fp16_,,SaProt_650M_AF2,,1,masked,0.3979270266779183,0.8951612903225807,0.4354838709677419,0.9004564896410082,0.6840659340659341
SKEMPI_1MLC_ABE__westlake-repl__SaProt_650M_AF2__ca2014a8__masked__fp16__focus1,SKEMPI,1MLC,ABE__westlake-repl__SaProt_650M_AF2__ca2014a8__masked__fp16_,,SaProt_650M_AF2,,1,masked,-0.1866958734064535,0.3199999999999999,-0.12,0.3440390164033516,0.101437908496732
SKEMPI_4JPK_HLA__westlake-repl__SaProt_650M_AF2__ca2014a8__wt__fp16__focus1,SKEMPI,4JPK,HLA__westlake-repl__SaProt_650M_AF2__ca2014a8__wt__fp16_,,SaProt_650M_AF2,,1,wt,0.1151515151515151,0.2222222222222222,-0.1111111111111111,0.9,0.125
SKEMPI_1VFB_ABC__westlake-repl__SaProt_650M_AF2__ca2014a8__wt__fp16__focus1,SKEMPI,1VFB,ABC__westlake-repl__SaProt_650M_AF2__ca2014a8__wt__fp16_,,SaProt_650M_AF2,,1,wt,0.3975563820166545,0.5586734693877551,0.0357142857142857,0.5023192195406848,0.1403518669046619
SKEMPI_1VFB_ABC__westlake-repl__SaProt_650M_AF2__ca2014a8__masked__fp16__focus1,SKEMPI,1VFB,ABC__westlake-repl__SaProt_650M_AF2__ca2014a8__masked__fp16_,,SaProt_650M_AF2,,1,masked,0.1753261571217029,0.4948979591836734,-0.125,0.4259200955857436,0.122385471898127
SKEMPI_2JEL_LHP__westlake-repl__SaProt_650M_AF2__ca2014a8__masked__fp16__focus1,SKEMPI,2JEL,LHP__westlake-repl__SaProt_650M_AF2__ca2014a8__masked__fp16_,,SaProt_650M_AF2,,1,masked,0.1569006532044663,0.5222672064777328,0.1590711907439444,0.7695404095831778,0.6356730423118312
SKEMPI_4JPK_HLA__westlake-repl__SaProt_650M_AF2__ca2014a8__masked__fp16__focus1,SKEMPI,4JPK,HLA__westlake-repl__SaProt_650M_AF2__ca2014a8__masked__fp16_,,SaProt_650M_AF2,,1,masked,-0.2121212121212121,0.1111111111111111,-0.1111111111111111,0.4,0.1111111111111111
SKEMPI_1DQJ_ABC__westlake-repl__SaProt_650M_AF2__ca2014a8__wt__fp16__focus1,SKEMPI,1DQJ,ABC__westlake-repl__SaProt_650M_AF2__ca2014a8__wt__fp16_,,SaProt_650M_AF2,,1,wt,0.3916240642701371,0.8790322580645161,0.4354838709677419,0.7075730600619956,0.5590659340659341
SKEMPI_2JEL_LHP__westlake-repl__SaProt_650M_AF2__ca2014a8__wt__fp16__focus1,SKEMPI,2JEL,LHP__westlake-repl__SaProt_650M_AF2__ca2014a8__wt__fp16_,,SaProt_650M_AF2,,1,wt,0.1883738382046807,0.5364372469635629,0.0159071190743944,0.6722142974321712,0.6402835961379721
SKEMPI_3NPS_BCA__westlake-repl__SaProt_650M_AF2__ca2014a8__wt__fp16__focus1,SKEMPI,3NPS,BCA__westlake-repl__SaProt_650M_AF2__ca2014a8__wt__fp16_,,SaProt_650M_AF2,,1,wt,0.0615847822928828,0.5333333333333333,-0.12,0.480312648272994,0.1545893719806763
SKEMPI_3NPS_BCA__westlake-repl__SaProt_650M_AF2__ca2014a8__masked__fp16__focus1,SKEMPI,3NPS,BCA__westlake-repl__SaProt_650M_AF2__ca2014a8__masked__fp16_,,SaProt_650M_AF2,,1,masked,-0.0528260577001172,0.4799999999999999,-0.12,0.2043314239925807,0.1355417529330572
SKEMPI_3HFM_HLY__westlake-repl__SaProt_650M_AF2__ca2014a8__wt__fp16__focus1,SKEMPI,3HFM,HLY__westlake-repl__SaProt_650M_AF2__ca2014a8__wt__fp16_,,SaProt_650M_AF2,,1,wt,0.5408073414970588,0.7454289732770746,0.3811533052039381,0.9143879412526243,0.5263363198122498
SKEMPI_3HFM_HLY__westlake-repl__SaProt_650M_AF2__ca2014a8__masked__fp16__focus1,SKEMPI,3HFM,HLY__westlake-repl__SaProt_650M_AF2__ca2014a8__masked__fp16_,,SaProt_650M_AF2,,1,masked,0.5310502129676149,0.7271448663853728,0.3811533052039381,0.9116083588395868,0.4879903952976168
SKEMPI_1MLC_ABE__westlake-repl__SaProt_650M_AF2__ca2014a8__wt__fp16__focus1,SKEMPI,1MLC,ABE__westlake-repl__SaProt_650M_AF2__ca2014a8__wt__fp16_,,SaProt_650M_AF2,,1,wt,-0.2039419731492784,0.2533333333333333,-0.12,0.3440390164033516,0.0928743961352657
ACE2_SARS2-RBD_enrich_6M17__westlake-repl__SaProt_650M_AF2__ca2014a8__wt__fp16__focus1,BindingGYM,650M,ACE2_SARS2-RBD_enrich_6M17__westlake-repl__SaProt_650M_AF2__ca2014a8__wt__fp16_,,SaProt_650M_AF2,,1,wt,0.2200903054742576,0.5377971692747687,-0.0402926831533081,0.5471173935255428,0.1030079094085055
CD19_FMC63_Fitness_7URV__westlake-repl__SaProt_650M_AF2__ca2014a8__wt__fp16__focus1,BindingGYM,650M,CD19_FMC63_Fitness_7URV__westlake-repl__SaProt_650M_AF2__ca2014a8__wt__fp16_,,SaProt_650M_AF2,,1,wt,-0.5109180137021,0.3590800001162919,-0.0836259291766762,0.3553360923046537,0.0734300569192489
KRAS_DARPinK27_norfitness_5O2S__westlake-repl__SaProt_650M_AF2__ca2014a8__masked__fp16__focus1,BindingGYM,650M,KRAS_DARPinK27_norfitness_5O2S__westlake-repl__SaProt_650M_AF2__ca2014a8__masked__fp16_,,SaProt_650M_AF2,,1,masked,0.4703661124162956,0.7077177203212427,0.172604379364673,0.798825961373789,0.2143188516191719
KRAS_RAF1-RBD_norfitness_6VJJ__westlake-repl__SaProt_650M_AF2__ca2014a8__masked__fp16__focus1,BindingGYM,650M,KRAS_RAF1-RBD_norfitness_6VJJ__westlake-repl__SaProt_650M_AF2__ca2014a8__masked__fp16_,,SaProt_650M_AF2,,1,masked,0.4787006797473588,0.7858947905875343,0.2571527126509629,0.8226243819831223,0.2879941637655392
SARS2-RBD_ACE2_deltaKd_6M0J__westlake-repl__SaProt_650M_AF2__ca2014a8__masked__fp16__focus1,BindingGYM,650M,SARS2-RBD_ACE2_deltaKd_6M0J__westlake-repl__SaProt_650M_AF2__ca2014a8__masked__fp16_,,SaProt_650M_AF2,,1,masked,0.469807152532045,0.7786840582111438,0.1639254162510912,0.6877708159068747,0.2243841112885066
Z-domain_ZpA963_HL1_fitness_2M5A__westlake-repl__SaProt_650M_AF2__ca2014a8__wt__fp16__focus1,BindingGYM,650M,Z-domain_ZpA963_HL1_fitness_2M5A__westlake-repl__SaProt_650M_AF2__ca2014a8__wt__fp16_,,SaProt_650M_AF2,,1,wt,0.648266967363524,0.9312872591838586,0.5187898729982128,0.9364982336554936,0.6281495358204373
Z-domain_ZpA963_HL2_fitness_2M5A__westlake-repl__SaProt_650M_AF2__ca2014a8__wt__fp16__focus1,BindingGYM,650M,Z-domain_ZpA963_HL2_fitness_2M5A__westlake-repl__SaProt_650M_AF2__ca2014a8__wt__fp16_,,SaProt_650M_AF2,,1,wt,0.5562470035503311,0.7408641975308643,0.2407407407407407,0.8527845312797083,0.2817224033051841
5A12_VEGF_fitness_4ZFF__westlake-repl__SaProt_650M_AF2__ca2014a8__wt__fp16__focus1,BindingGYM,650M,5A12_VEGF_fitness_4ZFF__westlake-repl__SaProt_650M_AF2__ca2014a8__wt__fp16_,,SaProt_650M_AF2,,1,wt,-0.3487239393464415,0.4461056484512288,-0.0770711333514202,0.2287161944590106,0.0842851299032684
GB1_IgG-Fc_fitness_1FCC__westlake-repl__SaProt_650M_AF2__ca2014a8__wt__fp16__focus1,BindingGYM,650M,GB1_IgG-Fc_fitness_1FCC__westlake-repl__SaProt_650M_AF2__ca2014a8__wt__fp16_,,SaProt_650M_AF2,,1,wt,0.1204778005178284,0.5076668226049748,-0.0283569622166926,0.5420734131419155,0.096201595925553
KRAS_DARPinK27_norfitness_5O2S__westlake-repl__SaProt_650M_AF2__ca2014a8__wt__fp16__focus1,BindingGYM,650M,KRAS_DARPinK27_norfitness_5O2S__westlake-repl__SaProt_650M_AF2__ca2014a8__wt__fp16_,,SaProt_650M_AF2,,1,wt,0.3535650276689373,0.6730658434860195,0.1276804934332703,0.7476345834047797,0.1840154850240662
KRAS_RAF1_norfitness_6VJJ__westlake-repl__SaProt_650M_AF2__ca2014a8__wt__fp16__focus1,BindingGYM,650M,KRAS_RAF1_norfitness_6VJJ__westlake-repl__SaProt_650M_AF2__ca2014a8__wt__fp16_,,SaProt_650M_AF2,,1,wt,0.3463810124188283,0.7508404524846591,0.174531396846753,0.7788966325934973,0.2578875986058859
KRAS_SOS1_norfitness_8BE4__westlake-repl__SaProt_650M_AF2__ca2014a8__wt__fp16__focus1,BindingGYM,650M,KRAS_SOS1_norfitness_8BE4__westlake-repl__SaProt_650M_AF2__ca2014a8__wt__fp16_,,SaProt_650M_AF2,,1,wt,0.2550914961498639,0.6421402606713248,0.1324736161238237,0.7508450412380465,0.1793738264001052
PSD95_Tm2F_1BE9__westlake-repl__SaProt_650M_AF2__ca2014a8__masked__fp16__focus1,BindingGYM,650M,PSD95_Tm2F_1BE9__westlake-repl__SaProt_650M_AF2__ca2014a8__masked__fp16_,,SaProt_650M_AF2,,1,masked,0.2615047319403832,0.4177705818859779,-0.0269399916147045,0.6093049190523268,0.0839449248387064
KRAS_RAF1_norfitness_6VJJ__westlake-repl__SaProt_650M_AF2__ca2014a8__masked__fp16__focus1,BindingGYM,650M,KRAS_RAF1_norfitness_6VJJ__westlake-repl__SaProt_650M_AF2__ca2014a8__masked__fp16_,,SaProt_650M_AF2,,1,masked,0.3880033761184073,0.7616900556951414,0.2043253804000549,0.7842654055344982,0.2719491535173577
PSD95_CRIPT_1BE9__westlake-repl__SaProt_650M_AF2__ca2014a8__wt__fp16__focus1,BindingGYM,650M,PSD95_CRIPT_1BE9__westlake-repl__SaProt_650M_AF2__ca2014a8__wt__fp16_,,SaProt_650M_AF2,,1,wt,0.4677322540919145,0.6656341156635533,0.0504321995343484,0.7173260699495293,0.1540179714504983
4D5_HER2_fitness_1N8Z__westlake-repl__SaProt_650M_AF2__ca2014a8__masked__fp16__focus1,BindingGYM,650M,4D5_HER2_fitness_1N8Z__westlake-repl__SaProt_650M_AF2__ca2014a8__masked__fp16_,,SaProt_650M_AF2,,1,masked,0.3792104541409409,0.8867020566239316,0.4497863247863248,0.9108421304994918,0.4934886819515713
ACE2_SARS2-RBD_enrich_6M17__westlake-repl__SaProt_650M_AF2__ca2014a8__masked__fp16__focus1,BindingGYM,650M,ACE2_SARS2-RBD_enrich_6M17__westlake-repl__SaProt_650M_AF2__ca2014a8__masked__fp16_,,SaProt_650M_AF2,,1,masked,0.2304082885906851,0.5472615507471452,-0.0149196908812762,0.5828991139365376,0.1072777314820037
BH3_Bcl-xL_normed_1PQ1__westlake-repl__SaProt_650M_AF2__ca2014a8__wt__fp16__focus1,BindingGYM,650M,BH3_Bcl-xL_normed_1PQ1__westlake-repl__SaProt_650M_AF2__ca2014a8__wt__fp16_,,SaProt_650M_AF2,,1,wt,0.5374248544380229,0.7913296467481017,0.1663090128755364,0.7163442897502434,0.2596249838114007
BH3_Mcl-1_normed_3KZ0__westlake-repl__SaProt_650M_AF2__ca2014a8__wt__fp16__focus1,BindingGYM,650M,BH3_Mcl-1_normed_3KZ0__westlake-repl__SaProt_650M_AF2__ca2014a8__wt__fp16_,,SaProt_650M_AF2,,1,wt,0.3657583263735467,0.6935457246616045,0.0808022449653351,0.6398131160660204,0.2008597429159062
GB1_IgG-Fc_fitness_1FCC__westlake-repl__SaProt_650M_AF2__ca2014a8__masked__fp16__focus1,BindingGYM,650M,GB1_IgG-Fc_fitness_1FCC__westlake-repl__SaProt_650M_AF2__ca2014a8__masked__fp16_,,SaProt_650M_AF2,,1,masked,0.1977788891103647,0.5369413944026427,-0.0112649834516906,0.5650565723047658,0.1039693206248883
GB1_IgG-Fc_fitness_1FCC_2016__westlake-repl__SaProt_650M_AF2__ca2014a8__wt__fp16__focus1,BindingGYM,650M,GB1_IgG-Fc_fitness_1FCC_2016__westlake-repl__SaProt_650M_AF2__ca2014a8__wt__fp16_,,SaProt_650M_AF2,,1,wt,0.2998114985289791,0.6150805329605157,0.1173052228435349,0.7948004941537646,0.1552366526561469
KRAS_RALGDS-RBD_norfitness_1LFD__westlake-repl__SaProt_650M_AF2__ca2014a8__wt__fp16__focus1,BindingGYM,650M,KRAS_RALGDS-RBD_norfitness_1LFD__westlake-repl__SaProt_650M_AF2__ca2014a8__wt__fp16_,,SaProt_650M_AF2,,1,wt,0.4740085022353765,0.728097083406818,0.1383687790767437,0.7528151911068756,0.2109315069295325
KRAS_SOS1_norfitness_8BE4__westlake-repl__SaProt_650M_AF2__ca2014a8__masked__fp16__focus1,BindingGYM,650M,KRAS_SOS1_norfitness_8BE4__westlake-repl__SaProt_650M_AF2__ca2014a8__masked__fp16_,,SaProt_650M_AF2,,1,masked,0.3378127847845044,0.667366634237654,0.151345317289225,0.7444415412233157,0.1849081210455933
PSD95_CRIPT_1BE9__westlake-repl__SaProt_650M_AF2__ca2014a8__masked__fp16__focus1,BindingGYM,650M,PSD95_CRIPT_1BE9__westlake-repl__SaProt_650M_AF2__ca2014a8__masked__fp16_,,SaProt_650M_AF2,,1,masked,0.5345579600738143,0.6523380701331835,0.0504321995343484,0.7282838977959719,0.1538170079597783
Z-domain_ZSPA-1_LL1_fitness_1LP1__westlake-repl__SaProt_650M_AF2__ca2014a8__wt__fp16__focus1,BindingGYM,650M,Z-domain_ZSPA-1_LL1_fitness_1LP1__westlake-repl__SaProt_650M_AF2__ca2014a8__wt__fp16_,,SaProt_650M_AF2,,1,wt,0.1372077727169098,0.5466979325675279,-0.0143842078725708,0.5455579134859642,0.1055160521059122
Z-domain_ZSPA-1_LL2_fitness_1LP1__westlake-repl__SaProt_650M_AF2__ca2014a8__wt__fp16__focus1,BindingGYM,650M,Z-domain_ZSPA-1_LL2_fitness_1LP1__westlake-repl__SaProt_650M_AF2__ca2014a8__wt__fp16_,,SaProt_650M_AF2,,1,wt,-0.0232947117817158,0.5653371865136789,-0.0138562093365085,0.4163706351346711,0.1115887661076104
hYAP65_peptide_FunctioncalScore_1JMQ__westlake-repl__SaProt_650M_AF2__ca2014a8__masked__fp16__focus1,BindingGYM,650M,hYAP65_peptide_FunctioncalScore_1JMQ__westlake-repl__SaProt_650M_AF2__ca2014a8__masked__fp16_,,SaProt_650M_AF2,,1,masked,0.1956186077941467,0.6343551935821641,0.0970927082905026,0.6670794174536355,0.1535415206566822
5A12_Ang2_fitness_4ZFG__westlake-repl__SaProt_650M_AF2__ca2014a8__masked__fp16__focus1,BindingGYM,650M,5A12_Ang2_fitness_4ZFG__westlake-repl__SaProt_650M_AF2__ca2014a8__masked__fp16_,,SaProt_650M_AF2,,1,masked,0.1600683742658109,0.6535056723079784,0.1690037815386522,0.7016731720603963,0.1862790041815025
CXCR4_CXCL12_enrich_8U4O__westlake-repl__SaProt_650M_AF2__ca2014a8__masked__fp16__focus1,BindingGYM,650M,CXCR4_CXCL12_enrich_8U4O__westlake-repl__SaProt_650M_AF2__ca2014a8__masked__fp16_,,SaProt_650M_AF2,,1,masked,0.1528785076257863,0.4889202266283305,0.027708563536275,0.6153090019904587,0.1066371667585751
KRAS_PICK3CG-RBD_norfitness_1HE8__westlake-repl__SaProt_650M_AF2__ca2014a8__masked__fp16__focus1,BindingGYM,650M,KRAS_PICK3CG-RBD_norfitness_1HE8__westlake-repl__SaProt_650M_AF2__ca2014a8__masked__fp16_,,SaProt_650M_AF2,,1,masked,0.453125019877519,0.6787726648031813,0.1126946995128306,0.7874871643485667,0.1740951298633302
hYAP65_peptide_FunctioncalScore_1JMQ__westlake-repl__SaProt_650M_AF2__ca2014a8__wt__fp16__focus1,BindingGYM,650M,hYAP65_peptide_FunctioncalScore_1JMQ__westlake-repl__SaProt_650M_AF2__ca2014a8__wt__fp16_,,SaProt_650M_AF2,,1,wt,-0.2102849157178787,0.4632527779029226,-0.0556048483956623,0.4514478792895985,0.0853745315033158
5A12_Ang2_fitness_4ZFG__westlake-repl__SaProt_650M_AF2__ca2014a8__wt__fp16__focus1,BindingGYM,650M,5A12_Ang2_fitness_4ZFG__westlake-repl__SaProt_650M_AF2__ca2014a8__wt__fp16_,,SaProt_650M_AF2,,1,wt,0.2062901036633412,0.6845762816936334,0.2626371582666915,0.7948183832966622,0.2623879452993267
BH3_Bcl-xL_normed_1PQ1__westlake-repl__SaProt_650M_AF2__ca2014a8__masked__fp16__focus1,BindingGYM,650M,BH3_Bcl-xL_normed_1PQ1__westlake-repl__SaProt_650M_AF2__ca2014a8__masked__fp16_,,SaProt_650M_AF2,,1,masked,-0.3002321024541121,0.493190822053483,-0.0902112908550676,0.2495717854515192,0.092978536558018
BH3_Mcl-1_normed_3KZ0__westlake-repl__SaProt_650M_AF2__ca2014a8__masked__fp16__focus1,BindingGYM,650M,BH3_Mcl-1_normed_3KZ0__westlake-repl__SaProt_650M_AF2__ca2014a8__masked__fp16_,,SaProt_650M_AF2,,1,masked,0.3140411818204068,0.8499504787058435,0.3159458567183889,0.7810645062417397,0.4302333553711252
GB1_IgG-Fc_fitness_1FCC_2016__westlake-repl__SaProt_650M_AF2__ca2014a8__masked__fp16__focus1,BindingGYM,650M,GB1_IgG-Fc_fitness_1FCC_2016__westlake-repl__SaProt_650M_AF2__ca2014a8__masked__fp16_,,SaProt_650M_AF2,,1,masked,0.2921277941647739,0.6028352958706521,0.1112212928834601,0.7870712947226959,0.1454992429325424
HLA-A2_TAPBPR_meanscore_5WER__westlake-repl__SaProt_650M_AF2__ca2014a8__wt__fp16__focus1,BindingGYM,650M,HLA-A2_TAPBPR_meanscore_5WER__westlake-repl__SaProt_650M_AF2__ca2014a8__wt__fp16_,,SaProt_650M_AF2,,1,wt,0.2098158848448952,0.5440315868315452,0.0578552898518375,0.6497272268376323,0.1211424998610829
HLA-A2_TAPBPR_meanscore_5WER__westlake-repl__SaProt_650M_AF2__ca2014a8__masked__fp16__focus1,BindingGYM,650M,HLA-A2_TAPBPR_meanscore_5WER__westlake-repl__SaProt_650M_AF2__ca2014a8__masked__fp16_,,SaProt_650M_AF2,,1,masked,0.2897527390839006,0.5672008849074668,0.0910293993640967,0.6925638516229875,0.1363693673076735
KRAS_RAF1-RBD_norfitness_6VJJ__westlake-repl__SaProt_650M_AF2__ca2014a8__wt__fp16__focus1,BindingGYM,650M,KRAS_RAF1-RBD_norfitness_6VJJ__westlake-repl__SaProt_650M_AF2__ca2014a8__wt__fp16_,,SaProt_650M_AF2,,1,wt,0.4165499209512392,0.7685925868565826,0.1952887358478475,0.7797776503414506,0.2516316488679694
PSD95_Tm2F_1BE9__westlake-repl__SaProt_650M_AF2__ca2014a8__wt__fp16__focus1,BindingGYM,650M,PSD95_Tm2F_1BE9__westlake-repl__SaProt_650M_AF2__ca2014a8__wt__fp16_,,SaProt_650M_AF2,,1,wt,0.2208333665826475,0.4656292093736898,-0.048041498291719,0.6073427791025902,0.0971269030050594
SARS2-RBD_ACE2_deltaKd_6M0J__westlake-repl__SaProt_650M_AF2__ca2014a8__wt__fp16__focus1,BindingGYM,650M,SARS2-RBD_ACE2_deltaKd_6M0J__westlake-repl__SaProt_650M_AF2__ca2014a8__wt__fp16_,,SaProt_650M_AF2,,1,wt,0.5768876004516328,0.8318010605036728,0.3392987632379531,0.7982615568955362,0.3506469728565093
Z-domain_ZSPA-1_LL2_fitness_1LP1__westlake-repl__SaProt_650M_AF2__ca2014a8__masked__fp16__focus1,BindingGYM,650M,Z-domain_ZSPA-1_LL2_fitness_1LP1__westlake-repl__SaProt_650M_AF2__ca2014a8__masked__fp16_,,SaProt_650M_AF2,,1,masked,-0.1049315647675721,0.4288267834964621,-0.0377116495561911,0.4726380399758766,0.0827826733474645
Z-domain_ZpA963_HL2_fitness_2M5A__westlake-repl__SaProt_650M_AF2__ca2014a8__masked__fp16__focus1,BindingGYM,650M,Z-domain_ZpA963_HL2_fitness_2M5A__westlake-repl__SaProt_650M_AF2__ca2014a8__masked__fp16_,,SaProt_650M_AF2,,1,masked,0.2535270747529874,0.6502932098765433,0.0185185185185185,0.5223763347862967,0.1475326059039986
4D5_HER2_fitness_1N8Z__westlake-repl__SaProt_650M_AF2__ca2014a8__wt__fp16__focus1,BindingGYM,650M,4D5_HER2_fitness_1N8Z__westlake-repl__SaProt_650M_AF2__ca2014a8__wt__fp16_,,SaProt_650M_AF2,,1,wt,0.334492325283299,0.8332948101577909,0.407051282051282,0.8860917511943845,0.3977782208227453
5A12_VEGF_fitness_4ZFF__westlake-repl__SaProt_650M_AF2__ca2014a8__masked__fp16__focus1,BindingGYM,650M,5A12_VEGF_fitness_4ZFF__westlake-repl__SaProt_650M_AF2__ca2014a8__masked__fp16_,,SaProt_650M_AF2,,1,masked,-0.1373514973882059,0.4768253466414167,-0.0319828257958815,0.4092842382182012,0.092517424957135
CD19_FMC63_Fitness_7URV__westlake-repl__SaProt_650M_AF2__ca2014a8__masked__fp16__focus1,BindingGYM,650M,CD19_FMC63_Fitness_7URV__westlake-repl__SaProt_650M_AF2__ca2014a8__masked__fp16_,,SaProt_650M_AF2,,1,masked,0.5911989623573369,0.6796488420232467,0.0527181202391504,0.7482314117968443,0.1576461236850189
CXCR4_CXCL12_enrich_8U4O__westlake-repl__SaProt_650M_AF2__ca2014a8__wt__fp16__focus1,BindingGYM,650M,CXCR4_CXCL12_enrich_8U4O__westlake-repl__SaProt_650M_AF2__ca2014a8__wt__fp16_,,SaProt_650M_AF2,,1,wt,0.1375735036815748,0.4938035987462689,0.0179901720356471,0.5855865060873888,0.1046633164151714
KRAS_PICK3CG-RBD_norfitness_1HE8__westlake-repl__SaProt_650M_AF2__ca2014a8__wt__fp16__focus1,BindingGYM,650M,KRAS_PICK3CG-RBD_norfitness_1HE8__westlake-repl__SaProt_650M_AF2__ca2014a8__wt__fp16_,,SaProt_650M_AF2,,1,wt,0.4280772098084384,0.6938956867074582,0.0716264620065796,0.7464044337003557,0.1661869519898531
KRAS_RALGDS-RBD_norfitness_1LFD__westlake-repl__SaProt_650M_AF2__ca2014a8__masked__fp16__focus1,BindingGYM,650M,KRAS_RALGDS-RBD_norfitness_1LFD__westlake-repl__SaProt_650M_AF2__ca2014a8__masked__fp16_,,SaProt_650M_AF2,,1,masked,0.5240483886450688,0.7523455474782907,0.1797729804475867,0.7971827628340541,0.237564863418323
Z-domain_ZSPA-1_LL1_fitness_1LP1__westlake-repl__SaProt_650M_AF2__ca2014a8__masked__fp16__focus1,BindingGYM,650M,Z-domain_ZSPA-1_LL1_fitness_1LP1__westlake-repl__SaProt_650M_AF2__ca2014a8__masked__fp16_,,SaProt_650M_AF2,,1,masked,0.2926467149582274,0.7154590118913682,0.1332647734261665,0.6970922257470746,0.1898119564334807
Z-domain_ZpA963_HL1_fitness_2M5A__westlake-repl__SaProt_650M_AF2__ca2014a8__masked__fp16__focus1,BindingGYM,650M,Z-domain_ZpA963_HL1_fitness_2M5A__westlake-repl__SaProt_650M_AF2__ca2014a8__masked__fp16_,,SaProt_650M_AF2,,1,masked,0.070806407309258,0.5982136633775348,0.0485803410524189,0.563927939415017,0.1317774827510217
ABBind_HM_1YY9_AHL__westlake-repl__SaProt_650M_AF2__ca2014a8__masked__fp16__focus1,ABBind,1YY9,AHL__westlake-repl__SaProt_650M_AF2__ca2014a8__masked__fp16_,,SaProt_650M_AF2,,1,masked,-0.1336603562078326,0.4333333333333333,-0.1333333333333333,0.2352941176470588,0.2254901960784313
ABBind_1DQJ_CHL__westlake-repl__SaProt_650M_AF2__ca2014a8__wt__fp16__focus1,ABBind,1DQJ,CHL__westlake-repl__SaProt_650M_AF2__ca2014a8__wt__fp16_,,SaProt_650M_AF2,,1,wt,0.4177538034782682,0.8933333333333333,0.3666177875533832,0.7211644248579611,0.5912087912087912
ABBind_1MLC_EHL__westlake-repl__SaProt_650M_AF2__ca2014a8__masked__fp16__focus1,ABBind,1MLC,EHL__westlake-repl__SaProt_650M_AF2__ca2014a8__masked__fp16_,,SaProt_650M_AF2,,1,masked,-0.1771147068826619,0.2666666666666666,-0.12,0.3440390164033516,0.0941666666666666
ABBind_1VFB_CHL__westlake-repl__SaProt_650M_AF2__ca2014a8__wt__fp16__focus1,ABBind,1VFB,CHL__westlake-repl__SaProt_650M_AF2__ca2014a8__wt__fp16_,,SaProt_650M_AF2,,1,wt,0.3120266974434025,0.6799999999999999,0.2533333333333333,0.7448264059380449,0.3696098411010691
ABBind_HM_1YY9_AHL__westlake-repl__SaProt_650M_AF2__ca2014a8__wt__fp16__focus1,ABBind,1YY9,AHL__westlake-repl__SaProt_650M_AF2__ca2014a8__wt__fp16_,,SaProt_650M_AF2,,1,wt,0.0024524836001437,0.5333333333333333,-0.1333333333333333,0.0588235294117647,0.238095238095238
ABBind_1DVF_ABCD__westlake-repl__SaProt_650M_AF2__ca2014a8__masked__fp16__focus1,ABBind,1DVF,ABCD__westlake-repl__SaProt_650M_AF2__ca2014a8__masked__fp16_,,SaProt_650M_AF2,,1,masked,0.2386091818457563,0.6875,0.1666666666666666,0.6118949396404451,0.2131211180124223
ABBind_2JEL_HLP__westlake-repl__SaProt_650M_AF2__ca2014a8__masked__fp16__focus1,ABBind,2JEL,HLP__westlake-repl__SaProt_650M_AF2__ca2014a8__masked__fp16_,,SaProt_650M_AF2,,1,masked,0.1427743914430659,0.5149572649572649,0.1522711401073001,0.7639172462488334,0.6416112111636183
ABBind_3HFM_HLY__westlake-repl__SaProt_650M_AF2__ca2014a8__masked__fp16__focus1,ABBind,3HFM,HLY__westlake-repl__SaProt_650M_AF2__ca2014a8__masked__fp16_,,SaProt_650M_AF2,,1,masked,0.7632721482068663,0.8818181818181818,0.3318181818181818,0.9332434883786344,0.5904761904761905
ABBind_1DVF_ABCD__westlake-repl__SaProt_650M_AF2__ca2014a8__wt__fp16__focus1,ABBind,1DVF,ABCD__westlake-repl__SaProt_650M_AF2__ca2014a8__wt__fp16_,,SaProt_650M_AF2,,1,wt,0.4218948188741779,0.8194444444444444,0.4444444444444444,0.8344398220820904,0.6056985294117647
ABBind_1VFB_CHL__westlake-repl__SaProt_650M_AF2__ca2014a8__masked__fp16__focus1,ABBind,1VFB,CHL__westlake-repl__SaProt_650M_AF2__ca2014a8__masked__fp16_,,SaProt_650M_AF2,,1,masked,-0.0004444824749906,0.5900000000000001,0.0666666666666666,0.3606947932518056,0.1628467373148224
ABBind_2JEL_HLP__westlake-repl__SaProt_650M_AF2__ca2014a8__wt__fp16__focus1,ABBind,2JEL,HLP__westlake-repl__SaProt_650M_AF2__ca2014a8__wt__fp16_,,SaProt_650M_AF2,,1,wt,0.1720553832200556,0.5277777777777778,0.0066204843524913,0.6642163983607202,0.6454582742360409
ABBind_1DQJ_CHL__westlake-repl__SaProt_650M_AF2__ca2014a8__masked__fp16__focus1,ABBind,1DQJ,CHL__westlake-repl__SaProt_650M_AF2__ca2014a8__masked__fp16_,,SaProt_650M_AF2,,1,masked,0.3916704844292727,0.8800000000000001,0.3666177875533832,0.6784479691728272,0.5809523809523809
ABBind_1MLC_EHL__westlake-repl__SaProt_650M_AF2__ca2014a8__wt__fp16__focus1,ABBind,1MLC,EHL__westlake-repl__SaProt_650M_AF2__ca2014a8__wt__fp16_,,SaProt_650M_AF2,,1,wt,-0.1998357589247962,0.2266666666666666,-0.12,0.3440390164033516,0.0902600170502983
ABBind_3HFM_HLY__westlake-repl__SaProt_650M_AF2__ca2014a8__wt__fp16__focus1,ABBind,3HFM,HLY__westlake-repl__SaProt_650M_AF2__ca2014a8__wt__fp16_,,SaProt_650M_AF2,,1,wt,0.7668038919519716,0.8727272727272727,0.3318181818181818,0.9442255492155628,0.6073671497584541
